6 15 10
64 22 15 19 8 2 12 13 1 11 10 30 24 34 41
30 15 7 8 29 11 32 34 49 29 19 18 21 27 19
38 32 18 5 15 22 25 12 11 13 40 51 21 11 25
21 36 25 17 33 2 8 42 7 14 40 23 28 35 7
4 27 27 16 0 2 19 10 24 61 27 7 30 14 41
10 7 10 14 16 46 4 47 1 22 32 14 50 19 22
56 19 1 6 19 36 14 26 5 47 33 1 10 22 8
51 31 9 6 37 49 21 24 34 8 8 7 1 14 8
6 4 24 10 27 36 10 37 31 56 18 2 22 20 22
1 46 13 16 25 5 13 20 63 29 6 13 36 5 1
2 2 1 20 24 31 12 41 11 13 3 24 28 65 19
50 41 6 6 56 27 17 14 3 19 14 21 13 11 10
38 30 27 28 19 15 38 18 13 23 9 43 7 32 7
23 15 31 7 26 17 22 45 27 30 34 9 19 38 13
21 34 24 14 39 5 48 6 38 21 21 13 14 13 31
19 30 36 31 10 7 17 12 61 16 37 3 6 20 8
7 27 3 3 22 0 19 46 40 50 22 4 25 5 33
44 26 9 23 12 58 1 8 14 2 2 35 18 13 37
36 4 11 27 25 6 24 49 7 16 52 30 16 2 2
39 54 7 12 7 44 11 29 16 38 16 17 3 15 4
7 29 25 46 19 23 28 36 23 34 1 6 19 2 37
29 55 22 10 2 5 37 15 6 12 16 17 41 36 16
18 36 10 11 2 52 8 44 55 12 4 17 3 6 2
26 5 50 21 15 8 27 18 11 33 13 22 41 22 31
35 15 24 20 6 2 6 3 4 18 64 29 13 6 46
4 23 36 61 48 10 23 27 5 11 3 5 0 24 9
14 31 25 4 20 53 12 25 44 29 3 26 10 20 18
26 47 8 21 43 4 36 7 18 15 28 21 15 2 37
6 55 7 25 13 6 12 6 3 6 1 13 35 1 67
8 37 41 5 8 44 50 10 0 17 23 23 5 22 20
23 49 21 19 58 5 25 33 10 23 10 10 10 10 13
26 46 39 20 42 21 18 4 9 18 8 25 18 34 5
22 50 32 22 13 18 1 31 51 34 0 11 10 7 8
15 20 12 26 19 6 53 40 7 25 26 17 45 12 5
33 50 64 7 2 16 25 8 9 8 18 3 25 12 5
20 2 10 14 11 27 45 54 26 7 32 11 36 21 5
15 12 31 22 34 10 26 18 42 30 48 15 0 10 25
21 18 10 41 6 16 20 46 18 24 29 37 38 8 9
42 39 14 1 0 11 1 33 4 7 3 12 9 10 70
22 21 13 24 13 41 46 42 20 1 21 20 30 14 16
12 13 29 10 20 35 13 18 15 6 5 52 47 38 3
3 15 20 12 12 6 17 16 52 14 4 31 50 13 44
6 9 12 25 37 51 6 20 20 51 2 33 1 2 23
57 17 2 15 12 13 8 11 14 15 40 24 44 29 21
5 28 20 20 37 18 15 2 14 11 1 17 21 68 27
13 62 9 12 16 23 35 8 11 52 18 4 14 4 16
32 39 25 10 45 39 21 10 9 46 9 7 14 2 9
7 12 39 19 4 27 39 14 36 10 7 58 14 15 15
34 27 44 21 16 8 8 39 24 8 39 1 19 18 33
36 32 20 23 10 20 34 17 44 30 16 22 30 3 18
25 9 8 3 1 15 16 47 50 18 20 44 30 15 15
6 12 12 2 35 41 0 3 13 26 11 34 65 2 21
11 24 22 36 26 41 32 11 15 33 15 38 24 21 2
45 28 2 9 14 42 23 16 58 14 1 10 16 12 16
49 14 40 20 22 13 19 4 25 31 17 6 33 37 6
20 23 10 49 12 10 3 21 22 17 57 34 23 11 9
18 34 1 37 46 17 19 14 1 33 25 21 45 6 2
35 18 1 11 12 53 9 21 16 12 33 40 36 17 17
47 34 55 32 17 9 29 4 1 1 10 6 15 27 16
29 3 6 8 4 4 32 9 54 6 6 1 4 44 55
110001010100000 001101101010101 101100101111100 011100100101110 111100011101010
101000010100100 110100111100001 110111000100100 000111010000111 100100011101000
010111010110111 000111001110000 010010110000101 000000100100110 011111010111101
011001010000110 000010111000011 010000000010011 101110111000000 111110011011110
100100100001101 000100001000110 111101111011000 110111110111010 110000001110110
011000011111001 010010000110110 000100111101101 100011010100010 000011011110101
111011111100011 000100110111111 001100110010011 111111111001010 001001101001011 110111101101110
000001111010101 100011111001000 000011111100100 110110111001000 110010110011001 100010010100100
100001101111111 011000101111011 101110010001111 111111001010110 001000011001010 100111111000011
011110000010100 101011010011111 000111101101001 000001001001100 011010011010100 011111110110000
111011100010111 101111000001010 110110101011101 001111101111110 101010111000001 101010111000101
111010000001011 100000010110010 011011101001000 000000011100001 110001010011011
001100101010110 010011011000011 011111000001100 101100000100100 101001110001011
101101010110100 100010111101100 100010000000001 011011111101011 100101001011011
100000011010010 101111100100110 101011001010101 010001111011000 011101010111000
000010111011011 000000001101010 101001111010011 110101000101000 110011001110000
101010011001110 010101011110101 110110110111010 000001100101111 100000101100111
111011101011111 001100011110010 001110111101110 001111010001110 000101101011110 011111111000100
000001001100111 111001011110001 010111100001100 010101110110111 001111100100111 101101101100111
011010110110010 001001011111100 100100011101000 101101100001111 100111000111100 100001000101110
110000110100011 010101110001111 100001011101010 000101000011101 010110101100011 000000000000011
101011011001010 110000110011000 111110011010000 010011111110010 100001000000000 110110011111111
110101000011101 110110011000100 110010011000010 000011110011000 001000111000101
101011100110010 111000000101111 011010100010101 010111110101010 001100010101000
011011100011011 000101101001000 110101101100100 100011100111011 110111001110011
011001000110011 011010100101111 011000100110101 010000110100010 110011011100001
001110110100110 001100011110001 010101100001101 100001110111010 001000100100101
010001011010011 000000001011101 110111010100101 000111010111010 111000110110010
010100111100111 010011101100011 110101100011100 011100111101111 111101000110101 011111001101111
000000000000000 100111110001111 000111011110000 100000010110111 010000101100100 010100010000001
111011001011100 111111010100010 001010001101001 011000001111111 000010100101111 010100011000110
010010100011100 101100111010100 011100110001100 000001001010101 001001100001110 101111100101101
011011111111001 101100111101111 111011011011011 011010000010101 001100101101110 010000001011001
111101001101010 001101101011011 101110010111100 001100101001111 100110011100011
100110100010111 000010001101101 001000010011101 100010100110100 010000001100011
000001000010100 001000000101111 011000111101010 001110110001101 001001001100100
011010100011111 100111001111101 111000010101011 101101000001001 011101011010000
011001100111111 100111001110111 111110111011110 100011001100010 000111010001111
001001100011110 111111011011001 101110001000010 100000100110110 011101010011011
111101011100111 011100100011001 101001100111011 110100011001000 100110001111011 001000011111101
111100110000010 110101010010010 110111000100101 100001110111010 000100101000001 100010011001010
100100110101000 011100110110011 000011000011011 011110001011001 111111110011001 110011011001011
110100101100000 000110010000010 011010111001010 000110001011011 101110010100010 011100010110100
000100111011011 110100000011000 111110111010010 000101111000010 100010001100000 111000101001001
100100011010001 110000110100111 001111110101110 100101011000110 100011110110101
011110001101001 111111011110011 011110111110100 101001000010011 100100100110111
100100101000110 011000100001111 111110010001001 110010001001001 110100010110110
110101000001111 110001011111000 111000011111111 111101011001101 010000100001111
010011000001111 100000111100000 011011001110010 010101011001110 110110001010101
010010011000010 100001011010100 010111100010101 100001011001111 001011001100101
000101001101101 110101110000100 001001010000100 011011010111010 001101010010100 011011100111111
101011011110111 101001000101000 100000110011011 001001110011111 111110011111000 101011010111000
101101101110100 000101000100111 000111011111000 010010110000011 000010101100001 011110000011110
001010000110100 010000000110001 010010011001000 001110101101111 111010001001000 100000001011011
111011001111000 100100010000010 100010010001011 000001100101100 001110000010111 000111101110110
101010100000111 100011000100001 110001001000001 100000101101010 101000110101000
110001010000000 000100001011011 100100100001110 100010001010101 010011100000010
001010000011111 011101110101010 101101101101100 011010000011111 101010001100011
111101000011100 010110110000100 100111011011110 111010101011001 010001111100110
010101111111001 111101001010000 100000111000100 101001100011100 000010111100111
001100110100100 111000111100110 110100010000011 101011000000111 111000001110110
001110011001001 010110011110001 010100100110010 000110100101001 100111101011110 001100010110000
011111110001110 100110011101110 110100111101000 100111101001001 000000111100110 100100100000101
101000011110101 111110000001001 100011101001000 010000000110010 000010001100010 010110111000101
011111111001001 011011001011100 111111100100101 111111100101000 100001010000110 111000001001001
110000001010010 010011101100010 101001111011010 001010011110010 110110011000110 100011111101011
001111011111101 010100010101100 111110110111111 111001011010010 101110100111000
101100101011001 001111011010000 101110000111110 010111110110010 111110001100011
010010101100010 111000010000001 010011000111100 010110111100110 011111100100100
111100000110100 010000100011111 110100001011010 100010010101000 011101100111111
101011110100110 101110001000010 011111110011001 001011001100001 000101000011001
111010111010010 101010011101100 011110011010001 100111011010110 010101010011101
010110001010001 100001011010111 000100101011111 110001011011101 011100110010001 100101011101010
001100001110000 011111000001011 101110011110010 100011001111010 110111111001110 101101110110110
001100000010100 111111101010101 001000111001011 000101000001110 101011111011110 111101011111000
010001011101111 110001100101011 100001011000000 010110100011101 100101001011010 101001011110101
110101100011010 101100111101110 000111011101111 011010010010010 111111111010101 100111011110110
100101001001010 110010101100000 010001110001001 000011111000101 001000001111011
001001010111011 110111111111100 111011111010111 010000110010001 010100010011001
010101100010101 111011001101011 010000100001000 010111110001001 010101010111110
001011010000111 000000111110001 110000110000110 111011000011110 001111000011110
100000111111001 001111011100000 100100001111111 000101100000110 000001010111000
010011011101111 100101111101001 101011111000001 001011101001110 110011000001000
010110101011010 110011011111100 111011000111100 010110101011100 111000110001100 011010001100001
010011100010111 001111110100001 010001011111100 110010001110101 011001110111011 010010111110111
001011011110111 010110010001011 011111100011011 110100010110100 101111000010100 100111000000101
101010110111101 011100010010110 000110110110010 010100100001100 001100111111000 011110100001000
001011011001110 001010001110010 011100000110100 010111101000011 011110010101010 100011011001001
010001010101001 011101011101001 100010111100111 101111010010001 111010101111110
111111010000011 000100110111011 010011010000101 110100101000111 011001011011000
110110111001100 111000101100111 000110110101101 111000000101001 101110010011110
100010111000111 001110010111010 000011011101010 000110101111000 100101101111010
010011111010100 000110000011111 010001011011100 011010001010101 110110111011101
010110011010101 010000001100111 001011110010110 100110010010110 010100100011100
100011000101000 001101010101110 111001101001001 101000100001000 111010011111100 110111000100110
000010011010101 101110111001000 100010110101110 111010010011110 000101011001100 011111001011110
110111100101101 000100111101110 011101000000110 001110101011001 010100010101100 000001010000000
010001110110100 000001111101111 011101011010101 111000110110110 110100010110111 010111001011011
010001101100110 100111101111001 111110001110000 001101010011110 010100010010010 001111100010011
100011000100110 110100010110111 101010100111101 001101010011001 101100101001100
111000100110000 000110010100100 010110100001110 110000000010011 100000111110010
011001000000100 001110110110001 100001010101100 100001110011111 010111011110010
101010010111111 101001010110110 111110011000101 000110010010111 011011111111101
100100101000101 010100111111110 111110000011100 101010110010110 000000101010011
000100000001110 001010010111111 001001100000000 111110110010010 010110001000000
101010000100101 101011011011000 011000010010110 110011000011011 110001100010100 110101010010000
111000110010101 101011001011010 111110101000011 000101001011100 110011110010110 110101100010111
010011001111001 010101111001010 111101000111101 101010001000011 001110100110000 101100111111100
010010110100010 101110111011110 100010011011110 010011100111010 001001010011000 100111000110110
001101001101110 001100000010101 100001000110111 000001111000001 001010011100001 110110111010101
